0000 0001 4275 6431 0000 3000 0000 0800
0000 3000 0000 100c 0000 0086 0000 200c
0000 0000 0000 0000 0000 0000 0000 0800
0000 0800 0000 0000 0000 0000 0000 0000
0000 0000 0000 0003 0000 0001 0000 0025
0000 0003 0000 1000 0061 0067 0065 6473
636c 626f 0000 0000 0000 0000 0000 0000
0000 0000 0000 0000 0000 0000 0000 0000
0000 0000 0000 0002 0000 0001 0000 0004
0000 0005 0069 006d 0061 0067 0065 6473
636c 626f 6f6c 0000 0028 ffff ffff ffff
0000 0000 0003 0063 0073 0073 6277 7370
626c 6f62 0000 0000 0000 0000 0000 0000
0000 0000 0000 0000 0000 0000 0000 0000
0000 0000 0000 0000 0000 0000 0000 0000
0000 0000 0000 0000 0000 0000 0000 0000
0000 0000 0000 0000 0000 0000 0000 0000
0000 0000 0000 0000 0000 0000 0000 0000
0000 0000 0000 0000 0000 0000 0000 0000
0000 0000 0000 0000 0000 0000 0000 0000
0000 0000 0000 0000 0000 0000 0000 0000
0000 0000 0000 0000 0000 0000 0000 0000
0000 0000 0000 0000 0000 0000 0000 0000
0000 0000 0000 0000 0000 0000 0000 0000
0000 0000 0000 0000 0000 0000 0000 0000
0000 0000 0000 0000 0000 0000 0000 0000
0000 0000 0000 0000 0000 0000 0000 0000
0000 0000 0000 0000 0000 0000 0000 0000
0000 0000 0000 0000 0000 0000 0000 0000
0000 0000 0000 0000 0000 0000 0000 0000
0000 0000 0000 0000 0000 0000 0000 0000
0000 0000 0000 0000 0000 0000 0000 0000
0000 0000 0000 0000 0000 0000 0000 0000
0000 0000 0000 0000 0000 0000 0000 0000
0000 0000 0000 0000 0000 0000 0000 0000
0000 0000 0000 0000 0000 0000 0000 0000
0000 0000 0000 0000 0000 0000 0000 0000
0000 0000 0000 0000 0000 0000 0000 0000
0000 0000 0000 0000 0000 0000 0000 0000
0000 0000 0000 0000 0000 0000 0000 0000
0000 0000 0000 0000 0000 0000 0000 0000
0000 0000 0000 0000 0000 0000 0000 0000
0000 0000 0000 0000 0000 0000 0000 0000
0000 0000 0000 0000 0000 0000 0000 0000
0000 0000 0000 0000 0000 0000 0000 0000
0000 0000 0000 0000 0000 0000 0000 0000
0000 0000 0000 0000 0000 0000 0000 0000
0000 0000 0000 0000 0000 0000 0000 0000
0000 0000 0000 0000 0000 0000 0000 0000
0000 0000 0000 0000 0000 0000 0000 0000
0000 0000 0000 0000 0000 0000 0000 0000
0000 0000 0000 0000 0000 0000 0000 0000
0000 0000 0000 0000 0000 0000 0000 0000
0000 0000 0000 0000 0000 0000 0000 0000
0000 0000 0000 0000 0000 0000 0000 0000
0000 0000 0000 0000 0000 0000 0000 0000
0000 0000 0000 0000 0000 0000 0000 0000
0000 0000 0000 0000 0000 0000 0000 0000
0000 0000 0000 0000 0000 0000 0000 0000
0000 0000 0000 0000 0000 0000 0000 0000
0000 0000 0000 0000 0000 0000 0000 0000
0000 0000 0000 0000 0000 0000 0000 0000
0000 0000 0000 0000 0000 0000 0000 0000
0000 0000 0000 0000 0000 0000 0000 0000
0000 0000 0000 0000 0000 0000 0000 0000
0000 0000 0000 0000 0000 0000 0000 0000
0000 0000 0000 0000 0000 0000 0000 0000
0000 0000 0000 0000 0000 0000 0000 0000
0000 0000 0000 0000 0000 0000 0000 0000
0000 0000 0000 0000 0000 0000 0000 0000
0000 0000 0000 0000 0000 0000 0000 0000
0000 0000 0000 0000 0000 0000 0000 0000
0000 0000 0000 0000 0000 0000 0000 0000
0000 0000 0000 0000 0000 0000 0000 0000
0000 0000 0000 0000 0000 0000 0000 0000
0000 0000 0000 0000 0000 0000 0000 0000
0000 0000 0000 0000 0000 0000 0000 0000
0000 0000 0000 0000 0000 0000 0000 0000
0000 0000 0000 0000 0000 0000 0000 0000
0000 0000 0000 0000 0000 0000 0000 0000
0000 0000 0000 0000 0000 0000 0000 0000
0000 0000 0000 0000 0000 0000 0000 0000
0000 0000 0000 0000 0000 0000 0000 0000
0000 0000 0000 0000 0000 0000 0000 0000
0000 0000 0000 0000 0000 0000 0000 0000
0000 0000 0000 0000 0000 0000 0000 0000
0000 0000 0000 0000 0000 0000 0000 0000
0000 0000 0000 0000 0000 0000 0000 0000
0000 0000 0000 0000 0000 0000 0000 0000
0000 0000 0000 0000 0000 0000 0000 0000
0000 0000 0000 0000 0000 0000 0000 0000
0000 0000 0000 0000 0000 0000 0000 0000
0000 0000 0000 0000 0000 0000 0000 0000
0000 0000 0000 0000 0000 0000 0000 0000
0000 0000 0000 0000 0000 0000 0000 0000
0000 0000 0000 0000 0000 0000 0000 0000
0000 0000 0000 0000 0000 0000 0000 0000
0000 0000 0000 0000 0000 0000 0000 0000
0000 0000 0000 0000 0000 0000 0000 0000
0000 0000 0000 0000 0000 0000 0000 0000
0000 0000 0000 0000 0000 0000 0000 0000
0000 0000 0000 0000 0000 0000 0000 0000
0000 0000 0000 0000 0000 0000 0000 0000
0000 0000 0000 0000 0000 0000 0000 0000
0000 0000 0000 0000 0000 0000 0000 0000
0000 0000 0000 0000 0000 0000 0000 0000
0000 0000 0000 0000 0000 0000 0000 0000
0000 0000 0000 0000 0000 0000 0000 0000
0000 0000 0000 0000 0000 0000 0000 0000
0000 0000 0000 0000 0000 0000 0000 0000
0000 0000 0000 0000 0000 0000 0000 0000
0000 0000 0000 0000 0000 0000 0000 0000
0000 0000 0000 0000 0000 0000 0000 0000
0000 0000 0000 0000 0000 0000 0000 0000
0000 0000 0000 0000 0000 0000 0000 0000
0000 0000 0000 0000 0000 0000 0000 0000
0000 0000 0000 0000 0000 0000 0000 0000
0000 0000 0000 0000 0000 0000 0000 0000
0000 0000 0000 0000 0000 0000 0000 0000
0000 0000 0000 0000 0000 0000 0000 0000
0000 0000 0000 0000 0000 0000 0000 0000
0000 0000 0000 0000 0000 0000 0000 0000
0000 0000 0000 0000 0000 0000 0000 0000
0000 0000 0000 0000 0000 0000 0000 0000
0000 0000 0000 0000 0000 0000 0000 0000
0000 0000 0000 0000 0000 0000 0000 0000
0000 0000 0000 0000 0000 0000 0000 0000
0000 0000 0000 0000 0000 0000 0000 0000
0000 0000 0000 0001 0000 0000 0000 080b
0000 0000 0000 0000 0000 0000 0000 0000
0000 0000 0000 0000 0000 0000 0000 0000
0000 0000 0000 0000 0000 0000 0000 0000
0000 0000 0000 0000 0000 0000 0000 0000
0000 0000 0000 0000 0000 0000 0000 0000
0000 0000 0000 0000 0000 0000 0000 0000
0000 0000 0000 0000 0000 0000 0000 0000
0000 0000 0000 0000 0000 0000 0000 0000
0000 0000 0000 0000 0000 0000 0000 0000
0000 0000 0000 0000 0000 0000 0000 0000
0000 0000 0000 0000 0000 0000 0000 0000
0000 0000 0000 0000 0000 0000 0000 0000
0000 0000 0000 0000 0000 0000 0000 0000
0000 0000 0000 0000 0000 0000 0000 0000
0000 0000 0000 0000 0000 0000 0000 0000
0000 0000 0000 0000 0000 0000 0000 0000
0000 0000 0000 0000 0000 0000 0000 0000
0000 0000 0000 0000 0000 0000 0000 0000
0000 0000 0000 0000 0000 0000 0000 0000
0000 0000 0000 0000 0000 0000 0000 0000
0000 0000 0000 0000 0000 0000 0000 0000
0000 0000 0000 0000 0000 0000 0000 0000
0000 0000 0000 0000 0000 0000 0000 0000
0000 0000 0000 0000 0000 0000 0000 0000
0000 0000 0000 0000 0000 0000 0000 0000
0000 0000 0000 0000 0000 0000 0000 0000
0000 0000 0000 0000 0000 0000 0000 0000
0000 0000 0000 0000 0000 0000 0000 0000
0000 0000 0000 0000 0000 0000 0000 0000
0000 0000 0000 0000 0000 0000 0000 0000
0000 0000 0000 0000 0000 0000 0000 0000
0000 0000 0000 0000 0000 0000 0000 0000
0000 0000 0000 0000 0000 0000 0000 0000
0000 0000 0000 0000 0000 0000 0000 0000
0000 0000 0000 0000 0000 0000 0000 0000
0000 0000 0000 0000 0000 0000 0000 0000
0000 0000 0000 0000 0000 0000 0000 0000
0000 0000 0000 0000 0000 0000 0000 0000
0000 0000 0000 0000 0000 0000 0000 0000
0000 0000 0000 0000 0000 0000 0000 0000
0000 0000 0000 0000 0000 0000 0000 0000
0000 0000 0000 0000 0000 0000 0000 0000
0000 0000 0000 0000 0000 0000 0000 0000
0000 0000 0000 0000 0000 0000 0000 0000
0000 0000 0000 0000 0000 0000 0000 0000
0000 0000 0000 0000 0000 0000 0000 0000
0000 0000 0000 0000 0000 0000 0000 0000
0000 0000 0000 0000 0000 0000 0000 0000
0000 0000 0000 0000 0000 0000 0000 0000
0000 0000 0000 0000 0000 0000 0000 0000
0000 0000 0000 0000 0000 0000 0000 0000
0000 0000 0000 0000 0000 0000 0000 0000
0000 0000 0000 0000 0000 0000 0000 0000
0000 0000 0000 0000 0000 0000 0000 0000
0000 0000 0000 0000 0000 0000 0000 0000
0000 0000 0000 0000 0000 0000 0000 0000
0000 0000 0000 0000 0000 0000 0000 0000
0000 0000 0000 0000 0000 0000 0000 0000
0000 0000 0000 0000 0000 0000 0000 0000
0000 0000 0000 0000 0000 0000 0000 0000
0000 0000 0000 0000 0000 0000 0000 0000
0000 0000 0000 0000 0000 0000 0000 0000
0000 0000 0000 0000 0000 0000 0000 0000
0000 0000 0000 0000 0000 0000 0000 0000
0000 0000 0000 0000 0000 0000 0000 0000
0000 0000 0000 0001 0000 0020 0000 0001
0000 0040 0000 0001 0000 0080 0000 0001
0000 0100 0000 0001 0000 0200 0000 0001
0000 0400 0000 0000 0000 0001 0000 1000
0000 0001 0000 2000 0000 0001 0000 4000
0000 0001 0000 8000 0000 0001 0001 0000
0000 0001 0002 0000 0000 0001 0004 0000
0000 0001 0008 0000 0000 0001 0010 0000
0000 0001 0020 0000 0000 0001 0040 0000
0000 0001 0080 0000 0000 0001 0100 0000
0000 0001 0200 0000 0000 0001 0400 0000
0000 0001 0800 0000 0000 0001 1000 0000
0000 0001 2000 0000 0000 0001 4000 0000
0000 0000 0000 0000 0000 0000 0000 0000
0000 0000 0000 0000 0000 0000 0000 0000
0000 0000 0000 0000 0000 0000 0000 0000
0000 0000 0000 0000 0000 0000 0000 0000
0000 0000 0000 0000 0000 0000 0000 0000
0000 0000 0000 0000 0000 0000 0000 0000
0000 0000 0000 0000 0000 0000 0000 0000
0000 0000 0000 0000 0000 0000 0000 0000
0000 0000 0000 0000 0000 0000 0000 0000
0000 0000 0000 0000 0000 0000 0000 0000
0000 0000 0000 0000 0000 0000 0000 0000
0000 0000 0000 0000 0000 0000 0000 0000
0000 0000 0000 0000 0000 0000 0000 0000
0000 0000 0000 0000 0000 0000 0000 0000
0000 0000 0000 0000 0000 0000 0000 0000
0000 0000 0000 0000 0000 0000 0000 0000
0000 0000 0000 0000 0000 0000 0000 0000
0000 0000 0000 0000 0000 0000 0000 0000
0000 0000 0000 0000 0000 0000 0000 0000
0000 0000 0000 0000 0000 0000 0000 0000
0000 0000 0000 0000 0000 0000 0000 0000
0000 0000 0000 0000 0000 0000 0000 0000
0000 0000 0000 0000 0000 0000 0000 0000
0000 0000 0000 0000 0000 0000 0000 0000
0000 0000 0000 0000 0000 0000 0000 0000
0000 0000 0000 0000 0000 0000 0000 0000
0000 0000 0000 0000 0000 0000 0000 0000
0000 0000 0000 0000 0000 0000 0000 0000
0000 0000 0000 0000 0000 0000 0000 0000
0000 0000 0000 0000 0000 0000 0000 0000
0000 0000 0000 0000 0000 0000 0000 0000
0000 0000 0000 0000 0000 0000 0000 0000
0000 0000 0000 0000 0000 0000 0000 0000
0000 0000 0000 0000 0000 0000 0000 0000
0000 0000 0000 0000 0000 0000 0000 0000
0000 0000 0000 0000 0000 0000 0000 0000
0000 0000 0000 0000 0000 0000 0000 0000
0000 0000 0000 0000 0000 0000 0000 0000
0000 0000 0000 0000 0000 0000 0000 0000
0000 0000 0000 0000 0000 0000 0000 0000
0000 0000 0000 0000 0000 0000 0000 0000
0000 0000 0000 0000 0000 0000 0000 0000
0000 0000 0000 0000 0000 0000 0000 0000
0000 0000 0000 0000 0000 0000 0000 0000
0000 0000 0000 0000 0000 0000 0000 0000
0000 0000 0000 0000 0000 0000 0000 0000
0000 0000 0000 0000 0000 0000 0000 0000
0000 0000 0000 0000 0000 0000 0000 0000
0000 0000 0000 0000 0000 0000 0000 0000
0000 0000 0000 0000 0000 0010 0000 0005
0069 006d 0061 0067 0065 6c67 3153 636f
6d70 0000 0000 0000 0000 0000 0005 0069
006d 0061 0067 0065 6c73 7650 626c 6f62
0000 0251 6270 6c69 7374 3030 d801 0203
0405 0607 0809 090b 1841 1142 435f 1010
7573 6552 656c 6174 6976 6544 6174 6573
5f10 0f73 686f 7749 636f 6e50 7265 7669
6577 5763 6f6c 756d 6e73 5f10 1163 616c
6375 6c61 7465 416c 6c53 697a 6573 5874
6578 7453 697a 655a 736f 7274 436f 6c75
6d6e 5869 636f 6e53 697a 655f 1012 7669
6577 4f70 7469 6f6e 7356 6572 7369 6f6e
0909 aa0c 151a 1e23 282d 3237 3cd4 0d0e
0f10 1112 0909 5a69 6465 6e74 6966 6965
7255 7769 6474 6859 6173 6365 6e64 696e
6757 7669 7369 626c 6554 6e61 6d65 1101
b609 09d4 100e 0f0d 0917 1819 0910 b508
5c64 6174 654d 6f64 6966 6965 64d4 100e
0f0d 1817 181d 0808 5b64 6174 6543 7265
6174 6564 d410 0e0f 0d09 2018 2209 1061
0854 7369 7a65 d410 0e0f 0d09 2509 2709
1073 0954 6b69 6e64 d410 0e0f 0d18 2a09
2c08 1064 0955 6c61 6265 6cd4 100e 0f0d
182f 0931 0810 4b09 5776 6572 7369 6f6e
d410 0e0f 0d18 3409 3608 1101 2c09 5863
6f6d 6d65 6e74 73d4 100e 0f0d 1839 183b
0810 c808 5e64 6174 654c 6173 744f 7065
6e65 64d4 100e 0f0d 1817 183f 0808 5964
6174 6541 6464 6564 0823 4028 0000 0000
0000 2340 3000 0000 0000 0010 0100 0800
1900 2c00 3e00 4600 5a00 6300 6e00 7700
8c00 8d00 8e00 9900 a200 ad00 b300 bd00
c500 ca00 cd00 ce00 cf00 d800 d900 db00
dc00 e900 f200 f300 f401 0001 0901 0a01
0c01 0d01 1201 1b01 1c01 1e01 1f01 2401
2d01 2e01 3001 3101 3701 4001 4101 4301
4401 4c01 5501 5601 5901 5a01 6301 6c01
6d01 6f01 7001 7f01 8801 8901 8a01 9401
9501 9e01 a700 0000 0000 0002 0100 0000
0000 0000 4400 0000 0000 0000 0000 0000
0000 0001 a900 0000 0500 6900 6d00 6100
6700 656c 7376 7062 6c6f 6200 0002 5762
706c 6973 7430 30d8 0102 0304 0506 0708
0909 0b1a 460d 4744 5f10 1075 7365 5265
6c61 7469 7665 4461 7465 735f 100f 7368
6f77 4963 6f6e 5072 6576 6965 7757 636f
6c75 6d6e 735f 1011 6361 6c63 756c 6174
6541 6c6c 5369 7a65 7358 7465 7874 5369
7a65 5a73 6f72 7443 6f6c 756d 6e58 6963
6f6e 5369 7a65 5f10 1276 6965 774f 7074
696f 6e73 5665 7273 696f 6e09 09d9 0c0d
0e0f 1011 1213 1415 1e23 282d 3237 3c41
5863 6f6d 6d65 6e74 7354 6e61 6d65 5b64
6174 6543 7265 6174 6564 5473 697a 6555
6c61 6265 6c54 6b69 6e64 5776 6572 7369
6f6e 5e64 6174 654c 6173 744f 7065 6e65
645c 6461 7465 4d6f 6469 6669 6564 d416
1718 191a 1b09 1d57 7669 7369 626c 6555
7769 6474 6859 6173 6365 6e64 696e 6755
696e 6465 7808 1101 2c09 1007 d419 1718
161f 2009 0910 0011 01b6 0909 d416 1718
191a 251a 2708 10b5 0810 02d4 1617 1819
092a 1a2c 0910 6108 1003 d416 1718 191a
2f09 3108 1064 0910 05d4 1617 1819 0934
0936 0910 7309 1004 d416 1718 191a 3909
3b08 104b 0910 06d4 1617 1819 1a3e 1a40
0810 c808 1008 d416 1718 1909 251a 4409
0810 0108 2340 2800 0000 0000 0023 4030
0000 0000 0000 0008 0019 002c 003e 0046
005a 0063 006e 0077 008c 008d 008e 00a1
00aa 00af 00bb 00c0 00c6 00cb 00d3 00e2
00ef 00f8 0100 0106 0110 0116 0117 011a
011b 011d 0126 0128 012b 012c 012d 0136
0137 0139 013a 013c 0145 0146 0148 0149
014b 0154 0155 0157 0158 015a 0163 0164
0166 0167 0169 0172 0173 0175 0176 0178
0181 0182 0184 0185 0187 0190 0191 0192
0194 0195 019e 0000 0000 0000 0201 0000
0000 0000 0048 0000 0000 0000 0000 0000
0000 0000 01a7 0000 0005 0069 006d 0061
0067 0065 6d6f 4444 6475 7463 0000 d368
c13e 0000 0000 0005 0069 006d 0061 0067
0065 6d6f 6444 6475 7463 0000 d368 c13e
0000 0000 0005 0069 006d 0061 0067 0065
7068 3153 636f 6d70 0000 0000 0000 0000
0000 0005 0069 006d 0061 0067 0065 7653
726e 6c6f 6e67 0000 0001 0000 0002 006a
0073 6277 7370 626c 6f62 0000 00fa 6270
6c69 7374 3030 d901 0203 0405 0607 0809
0a0b 0b0b 0a0b 1011 0a5d 5368 6f77 5374
6174 7573 4261 725b 5368 6f77 5369 6465
6261 725b 5368 6f77 5061 7468 6261 725b
5368 6f77 546f 6f6c 6261 725b 5368 6f77
5461 6256 6965 775f 1014 436f 6e74 6169
6e65 7253 686f 7753 6964 6562 6172 5c57
696e 646f 7742 6f75 6e64 735c 5369 6465
6261 7257 6964 7468 5f10 1550 7265 7669
6577 5061 6e65 5669 7369 6269 6c69 7479
0809 0909 0809 5f10 187b 7b33 3031 2c20
3135 337d 2c20 7b38 3931 2c20 3732 347d
7d11 0121 0808 1b29 3541 4d59 707d 8aa2
a3a4 a5a6 a7a8 c3c6 0000 0000 0000 0101
0000 0000 0000 0013 0000 0000 0000 0000
0000 0000 0000 00c7 0000 0002 006a 0073
6473 636c 626f 6f6c 0000 0000 0200 6a00
736c 6731 5363 6f6d 7000 0000 0000 0000
0000 0000 0200 6a00 736c 7376 5062 6c6f
6200 0002 6f62 706c 6973 7430 30d8 0102
0304 0506 0708 0909 0b18 4414 4546 5f10
1075 7365 5265 6c61 7469 7665 4461 7465
735f 100f 7368 6f77 4963 6f6e 5072 6576
6965 7757 636f 6c75 6d6e 735f 1011 6361
6c63 756c 6174 6541 6c6c 5369 7a65 7358
7465 7874 5369 7a65 5a73 6f72 7443 6f6c
756d 6e58 6963 6f6e 5369 7a65 5f10 1276
6965 774f 7074 696f 6e73 5665 7273 696f
6e09 09aa 0c15 1a1e 2328 2d32 373c d40d
0e0f 1009 1209 1457 7669 7369 626c 6555
7769 6474 6859 6173 6365 6e64 696e 675a
6964 656e 7469 6669 6572 0911 01a2 0954
6e61 6d65 d40d 0e0f 1009 1718 1909 10b5
085c 6461 7465 4d6f 6469 6669 6564 d40d
0e0f 1018 1718 1d08 085b 6461 7465 4372
6561 7465 64d4 0d0e 0f10 0920 1822 0910
6108 5473 697a 65d4 0d0e 0f10 0925 0927
0910 7309 546b 696e 64d4 0d0e 0f10 182a
092c 0810 6409 556c 6162 656c d40d 0e0f
1018 2f09 3108 104b 0957 7665 7273 696f
6ed4 0d0e 0f10 1834 0936 0811 012c 0958
636f 6d6d 656e 7473 d40d 0e0f 1018 3918
3b08 10c8 085e 6461 7465 4c61 7374 4f70
656e 6564 d43d 3e3f 1018 1718 4257 7669
7369 626c 6555 7769 6474 6859 6173 6365
6e64 696e 6708 0859 6461 7465 4164 6465
6408 2340 2800 0000 0000 0023 4030 0000
0000 0000 1001 0008 0019 002c 003e 0046
005a 0063 006e 0077 008c 008d 008e 0099
00a2 00aa 00b0 00ba 00c5 00c6 00c9 00ca
00cf 00d8 00d9 00db 00dc 00e9 00f2 00f3
00f4 0100 0109 010a 010c 010d 0112 011b
011c 011e 011f 0124 012d 012e 0130 0131
0137 0140 0141 0143 0144 014c 0155 0156
0159 015a 0163 016c 016d 016f 0170 017f
0188 0190 0196 01a0 01a1 01a2 01ac 01ad
01b6 01bf 0000 0000 0000 0201 0000 0000
0000 0047 0000 0000 0000 0000 0000 0000
0000 01c1 0000 0002 006a 0073 6c73 7670
626c 6f62 0000 0257 6270 6c69 7374 3030
d801 0203 0405 0607 0809 090b 1a46 1347
445f 1010 7573 6552 656c 6174 6976 6544
6174 6573 5f10 0f73 686f 7749 636f 6e50
7265 7669 6577 5763 6f6c 756d 6e73 5f10
1163 616c 6375 6c61 7465 416c 6c53 697a
6573 5874 6578 7453 697a 655a 736f 7274
436f 6c75 6d6e 5869 636f 6e53 697a 655f
1012 7669 6577 4f70 7469 6f6e 7356 6572
7369 6f6e 0909 d90c 0d0e 0f10 1112 1314
151e 2328 2d32 373c 4158 636f 6d6d 656e
7473 5e64 6174 654c 6173 744f 7065 6e65
645b 6461 7465 4372 6561 7465 6454 7369
7a65 556c 6162 656c 546b 696e 6457 7665
7273 696f 6e54 6e61 6d65 5c64 6174 654d
6f64 6966 6965 64d4 1617 1819 1a1b 091d
5776 6973 6962 6c65 5577 6964 7468 5961
7363 656e 6469 6e67 5569 6e64 6578 0811
012c 0910 07d4 1617 1819 1a20 1a22 0810
c808 1008 d416 1718 191a 251a 2708 10b5
0810 02d4 1617 1819 092a 1a2c 0910 6108
1003 d416 1718 191a 2f09 3108 1064 0910
05d4 1617 1819 0934 0936 0910 7309 1004
d416 1718 191a 3909 3b08 104b 0910 06d4
1617 1819 093e 0940 0911 01a2 0910 00d4
1617 1819 0925 1a44 0908 1001 0823 4028
0000 0000 0000 2340 3000 0000 0000 0000
0800 1900 2c00 3e00 4600 5a00 6300 6e00
7700 8c00 8d00 8e00 a100 aa00 b900 c500
ca00 d000 d500 dd00 e200 ef00 f801 0001
0601 1001 1601 1701 1a01 1b01 1d01 2601
2701 2901 2a01 2c01 3501 3601 3801 3901
3b01 4401 4501 4701 4801 4a01 5301 5401
5601 5701 5901 6201 6301 6501 6601 6801
7101 7201 7401 7501 7701 8001 8101 8401
8501 8701 9001 9101 9201 9401 9501 9e00
0000 0000 0002 0100 0000 0000 0000 4800
0000 0000 0000 0000 0000 0000 0001 a700
0000 0200 6a00 736d 6f44 4464 7574 6300
00d3 90b4 2b00 0000 0000 0200 6a00 736d
6f64 4464 7574 6300 00d3 90b4 2b00 0000
0000 0200 6a00 7370 6831 5363 6f6d 7000
0000 0000 0000 0000 0000 0200 6a00 7376
5372 6e6c 6f6e 6700 0000 0100 0000 0000
0000 0000 0000 0000 0000 0000 0000 0000
0000 0000 0000 0000 0000 0000 0000 0000
0000 0000 0000 0000 0000 0000 0000 0000
0000 0000 0000 0000 0000 0000 0000 0000
0000 0000 0000 0000 0000 0000 0000 0000
0000 0000 0000 0000 0000 0000 0000 0000
0000 0000 0000 0000 0000 0000 0000 0000
0000 0000 0000 0000 0000 0000 0000 0000
0000 0000 0000 0000 0000 0000 0000 0000
0000 0000 0000 0000 0000 0000 0000 0000
0000 0000 0000 0000 0000 0000 0000 0000
0000 0000 0000 0000 0000 0000 0000 0000
0000 0000 0000 0000 0000 0000 0000 0000
0000 0000 0000 0000 0000 0000 0000 0000
0000 0000 0000 0000 0000 0000 0000 0000
0000 0000 0000 0000 0000 0000 0000 0000
0000 0000 0000 0000 0000 0000 0000 0000
0000 0000 0000 0000 0000 0000 0000 0000
0000 0000 0000 0000 0000 0000 0000 0000
0000 0000 0000 0000 0000 0000 0000 0000
0000 0000 0000 0000 0000 0000 0000 0000
0000 0000 0000 0000 0000 0000 0000 0000
0000 0000 0000 0000 0000 0000 0000 0000
0000 0000 0000 0000 0000 0000 0000 0000
0000 0000 0000 0000 0000 0000 0000 0000
0000 0000 0000 0000 0000 0000 0000 0000
0000 0000 0000 0000 0000 0000 0000 0000
0000 0000 0000 0000 0000 0000 0000 0000
0000 0000 0000 0000 0000 0000 0000 0000
0000 0000 0000 0000 0000 0000 0000 0000
0000 0000 0000 0000 0000 0000 0000 0000
0000 0000 0000 0000 0000 0000 0000 0000
0000 0000 0000 0000 0000 0000 0000 0000
0000 0000 0000 0000 0000 0000 0000 0000
0000 0000 0000 0000 0000 0000 0000 0000
0000 0000 0000 0000 0000 0000 0000 0000
0000 0000 0000 0000 0000 0000 0000 0000
0000 0000 0000 0000 0000 0000 0000 0000
0000 0000 0000 0000 0000 0000 0000 0000
0000 0000 0000 0000 0000 0000 0000 0000
0000 0000 0000 0000 0000 0000 0000 0000
0000 0000 0000 0000 0000 0000 0000 0000
0000 0000 0000 0000 0000 0000 0000 0000
0000 0000 0000 0000 0000 0000 0000 0000
0000 0000 0000 0000 0000 0000 0000 0000
0000 0000 0000 0000 0000 0000 0000 0000
0000 0000 0000 0000 0000 0000 0000 0000
0000 0000 0000 0000 0000 0000 0000 0000
0000 0000 0000 0000 0000 0000 0000 0000
0000 0000 0000 0000 0000 0000 0000 0000
0000 0000 0000 0000 0000 0000 0000 0000
0000 0000 0000 0000 0000 0000 0000 0000
0000 0000 0000 0000 0000 0000 0000 0000
0000 0000 0000 0000 0000 0000 0000 0000
0000 0000 0000 0000 0000 0000 0000 0000
0000 0000 0000 0000 0000 0000 0000 0000
0000 0000 0000 0000 0000 0000 0000 0000
0000 0000 0000 0000 0000 0000 0000 0000
0000 0000 0000 0000 0000 0000 0000 0000
0000 0000 0000 0000 0000 0000 0000 0000
0000 0000 0000 0000 0000 0000 0000 0000
0000 0000 0000 0000 0000 0000 0000 0000
0000 0000 0000 0000 0000 0000 0000 0000
0000 0000 0000 0000 0000 0000 0000 0000
0000 0000 0000 0000 0000 0014 0000 0003
0063 0073 0073 496c 6f63 626c 6f62 0000
0010 0000 0046 0000 0028 ffff ffff ffff
0000 0000 0003 0063 0073 0073 6277 7370
626c 6f62 0000 00f7 6270 6c69 7374 3030
d901 0203 0405 0607 0809 0a0b 0b0b 0a0b
1011 0a5d 5368 6f77 5374 6174 7573 4261
725b 5368 6f77 5369 6465 6261 725b 5368
6f77 5061 7468 6261 725b 5368 6f77 546f
6f6c 6261 725b 5368 6f77 5461 6256 6965
775f 1014 436f 6e74 6169 6e65 7253 686f
7753 6964 6562 6172 5c57 696e 646f 7742
6f75 6e64 735c 5369 6465 6261 7257 6964
7468 5f10 1550 7265 7669 6577 5061 6e65
5669 7369 6269 6c69 7479 0809 0909 0809
5f10 157b 7b37 322c 2034 7d2c 207b 3932
302c 2035 3533 7d7d 1101 2108 081b 2935
414d 5970 7d8a a2a3 a4a5 a6a7 a8c0 c300
0000 0000 0001 0100 0000 0000 0000 1300
0000 0000 0000 0000 0000 0000 0000 c400
0000 0300 6300 7300 7364 7363 6c62 6f6f
6c01 0000 0003 0063 0073 0073 6c67 3153
636f 6d70 0000 0000 0000 0000 0000 0003
0063 0073 0073 6c73 7650 626c 6f62 0000
026a 6270 6c69 7374 3030 d801 0203 0405
0607 0809 0a0b 1843 1444 0a5f 1012 7669
6577 4f70 7469 6f6e 7356 6572 7369 6f6e
5f10 0f73 686f 7749 636f 6e50 7265 7669
6577 5763 6f6c 756d 6e73 5f10 1163 616c
6375 6c61 7465 416c 6c53 697a 6573 5874
6578 7453 697a 655a 736f 7274 436f 6c75
6d6e 5869 636f 6e53 697a 655f 1010 7573
6552 656c 6174 6976 6544 6174 6573 1001
09aa 0c15 1a1e 2328 2d32 363b d40d 0e0f
100a 120a 1457 7669 7369 626c 6555 7769
6474 6859 6173 6365 6e64 696e 675a 6964
656e 7469 6669 6572 0911 012c 0954 6e61
6d65 d40d 0e0f 100a 1718 1909 10b5 085c
6461 7465 4d6f 6469 6669 6564 d40d 0e0f
1018 1718 1d08 085b 6461 7465 4372 6561
7465 64d4 0d0e 0f10 0a20 1822 0910 6108
5473 697a 65d4 0d0e 0f10 0a25 0a27 0910
7309 546b 696e 64d4 0d0e 0f10 182a 0a2c
0810 6409 556c 6162 656c d40d 0e0f 1018
2f0a 3108 104b 0957 7665 7273 696f 6ed4
0d0e 0f10 1812 0a35 0809 5863 6f6d 6d65
6e74 73d4 0d0e 0f10 1838 183a 0810 c808
5e64 6174 654c 6173 744f 7065 6e65 64d4
103c 3d3e 3f17 1818 5577 6964 7468 5961
7363 656e 6469 6e67 5776 6973 6962 6c65
5964 6174 6541 6464 6564 0808 0823 4028
0000 0000 0000 2340 3000 0000 0000 0009
0008 0019 002e 0040 0048 005c 0065 0070
0079 008c 008e 008f 009a 00a3 00ab 00b1
00bb 00c6 00c7 00ca 00cb 00d0 00d9 00da
00dc 00dd 00ea 00f3 00f4 00f5 0101 010a
010b 010d 010e 0113 011c 011d 011f 0120
0125 012e 012f 0131 0132 0138 0141 0142
0144 0145 014d 0156 0157 0158 0161 016a
016b 016d 016e 017d 0186 018c 0196 019e
01a8 01a9 01aa 01ab 01b4 01bd 0000 0000
0000 0201 0000 0000 0000 0046 0000 0000
0000 0000 0000 0000 0000 01be 0000 0003
0063 0073 0073 6c73 7670 626c 6f62 0000
0252 6270 6c69 7374 3030 d801 0203 0405
0607 0809 0a0b 1a44 1345 0a5f 1012 7669
6577 4f70 7469 6f6e 7356 6572 7369 6f6e
5f10 0f73 686f 7749 636f 6e50 7265 7669
6577 5763 6f6c 756d 6e73 5f10 1163 616c
6375 6c61 7465 416c 6c53 697a 6573 5874
6578 7453 697a 655a 736f 7274 436f 6c75
6d6e 5869 636f 6e53 697a 655f 1010 7573
6552 656c 6174 6976 6544 6174 6573 1001
09d9 0c0d 0e0f 1011 1213 1415 1e23 282d
3237 3c40 5863 6f6d 6d65 6e74 735e 6461
7465 4c61 7374 4f70 656e 6564 5b64 6174
6543 7265 6174 6564 5473 697a 6555 6c61
6265 6c54 6b69 6e64 5776 6572 7369 6f6e
546e 616d 655c 6461 7465 4d6f 6469 6669
6564 d416 1718 191a 1b0a 1d57 7669 7369
626c 6555 7769 6474 6859 6173 6365 6e64
696e 6755 696e 6465 7808 1101 2c09 1007
d416 1718 191a 201a 2208 10c8 0810 08d4
1617 1819 1a25 1a27 0810 b508 1002 d416
1718 190a 2a1a 2c09 1061 0810 03d4 1617
1819 1a2f 0a31 0810 6409 1005 d416 1718
190a 340a 3609 1073 0910 04d4 1617 1819
1a39 0a3b 0810 4b09 1006 d416 1718 190a
1b0a 3f09 0910 00d4 1617 1819 0a25 1a09
0908 0823 4028 0000 0000 0000 2340 3000
0000 0000 0009 0008 0019 002e 0040 0048
005c 0065 0070 0079 008c 008e 008f 00a2
00ab 00ba 00c6 00cb 00d1 00d6 00de 00e3
00f0 00f9 0101 0107 0111 0117 0118 011b
011c 011e 0127 0128 012a 012b 012d 0136
0137 0139 013a 013c 0145 0146 0148 0149
014b 0154 0155 0157 0158 015a 0163 0164
0166 0167 0169 0172 0173 0175 0176 0178
0181 0182 0183 0185 018e 018f 0190 0191
019a 01a3 0000 0000 0000 0201 0000 0000
0000 0047 0000 0000 0000 0000 0000 0000
0000 01a4 0000 0003 0063 0073 0073 6d6f
4444 6475 7463 0000 d368 c146 0000 0000
0003 0063 0073 0073 6d6f 6444 6475 7463
0000 d368 c146 0000 0000 0003 0063 0073
0073 7068 3153 636f 6d70 0000 0000 0000
0000 0000 0003 0063 0073 0073 7653 726e
6c6f 6e67 0000 0001 0000 0005 0066 006f
006e 0074 0073 6277 7370 626c 6f62 0000
00fa 6270 6c69 7374 3030 d901 0203 0405
0607 0809 0a0b 0b0b 0a0b 1011 0a5d 5368
6f77 5374 6174 7573 4261 725b 5368 6f77
5369 6465 6261 725b 5368 6f77 5061 7468
6261 725b 5368 6f77 546f 6f6c 6261 725b
5368 6f77 5461 6256 6965 775f 1014 436f
6e74 6169 6e65 7253 686f 7753 6964 6562
6172 5c57 696e 646f 7742 6f75 6e64 735c
5369 6465 6261 7257 6964 7468 5f10 1550
7265 7669 6577 5061 6e65 5669 7369 6269
6c69 7479 0809 0909 0809 5f10 187b 7b33
3031 2c20 3135 337d 2c20 7b38 3931 2c20
3732 347d 7d11 0121 0808 1b29 3541 4d59
707d 8aa2 a3a4 a5a6 a7a8 c3c6 0000 0000
0000 0101 0000 0000 0000 0013 0000 0000
0000 0000 0000 0000 0000 00c7 0000 0005
0066 006f 006e 0074 0073 6c67 3153 636f
6d70 0000 0000 0000 0000 0000 0005 0066
006f 006e 0074 0073 6c73 7650 626c 6f62
0000 02a1 6270 6c69 7374 3030 da01 0203
0405 0607 0809 0a0b 0c0d 1a45 4645 130c
4858 6963 6f6e 5369 7a65 5f10 0f73 686f
7749 636f 6e50 7265 7669 6577 5763 6f6c
756d 6e73 5f10 1163 616c 6375 6c61 7465
416c 6c53 697a 6573 5f10 0f73 6372 6f6c
6c50 6f73 6974 696f 6e59 5874 6578 7453
697a 655f 100f 7363 726f 6c6c 506f 7369
7469 6f6e 585a 736f 7274 436f 6c75 6d6e
5f10 1075 7365 5265 6c61 7469 7665 4461
7465 735f 1012 7669 6577 4f70 7469 6f6e
7356 6572 7369 6f6e 2340 3000 0000 0000
0009 aa0e 171c 2025 2a2f 3438 3dd4 0f10
1112 1314 0c0c 5a69 6465 6e74 6966 6965
7255 7769 6474 6859 6173 6365 6e64 696e
6757 7669 7369 626c 6554 6e61 6d65 1101
2c09 09d4 0f10 1112 1819 1a0c 5c64 6174
654d 6f64 6966 6965 6410 b508 09d4 0f10
1112 1d19 1a1a 5b64 6174 6543 7265 6174
6564 0808 d40f 1011 1221 221a 0c54 7369
7a65 1061 0809 d40f 1011 1226 270c 0c54
6b69 6e64 1073 0909 d40f 1011 122b 2c0c
1a55 6c61 6265 6c10 6409 08d4 0f10 1112
3031 0c1a 5776 6572 7369 6f6e 104b 0908
d40f 1011 1235 140c 1a58 636f 6d6d 656e
7473 0908 d40f 1011 1239 3a1a 1a5e 6461
7465 4c61 7374 4f70 656e 6564 10c8 0808
d40f 3e3f 4041 191a 1a55 7769 6474 6859
6173 6365 6e64 696e 6757 7669 7369 626c
6559 6461 7465 4164 6465 6408 0808 2300
0000 0000 0000 0023 4028 0000 0000 0000
0910 0100 0800 1d00 2600 3800 4000 5400
6600 6f00 8100 8c00 9f00 b400 bd00 be00
c900 d200 dd00 e300 ed00 f500 fa00 fd00
fe00 ff01 0801 1501 1701 1801 1901 2201
2e01 2f01 3001 3901 3e01 4001 4101 4201
4b01 5001 5201 5301 5401 5d01 6301 6501
6601 6701 7001 7801 7a01 7b01 7c01 8501
8e01 8f01 9001 9901 a801 aa01 ab01 ac01
b501 bb01 c501 cd01 d701 d801 d901 da01
e301 ec01 ed00 0000 0000 0002 0100 0000
0000 0000 4900 0000 0000 0000 0000 0000
0000 0001 ef00 0000 0500 6600 6f00 6e00
7400 736c 7376 7062 6c6f 6200 0002 8962
706c 6973 7430 30da 0102 0304 0506 0708
090a 0b0c 0d1f 4748 4715 0c43 5869 636f
6e53 697a 655f 100f 7368 6f77 4963 6f6e
5072 6576 6965 7757 636f 6c75 6d6e 735f
1011 6361 6c63 756c 6174 6541 6c6c 5369
7a65 735f 100f 7363 726f 6c6c 506f 7369
7469 6f6e 5958 7465 7874 5369 7a65 5f10
0f73 6372 6f6c 6c50 6f73 6974 696f 6e58
5a73 6f72 7443 6f6c 756d 6e5f 1010 7573
6552 656c 6174 6976 6544 6174 6573 5f10
1276 6965 774f 7074 696f 6e73 5665 7273
696f 6e23 4030 0000 0000 0000 09d9 0e0f
1011 1213 1415 1617 2025 2a2f 3439 3e42
5863 6f6d 6d65 6e74 735e 6461 7465 4c61
7374 4f70 656e 6564 5b64 6174 6543 7265
6174 6564 5473 697a 6555 6c61 6265 6c54
6b69 6e64 5776 6572 7369 6f6e 546e 616d
655c 6461 7465 4d6f 6469 6669 6564 d418
191a 1b1c 1d0c 1f55 696e 6465 7855 7769
6474 6859 6173 6365 6e64 696e 6757 7669
7369 626c 6510 0711 012c 0908 d418 191a
1b21 221f 1f10 0810 c808 08d4 1819 1a1b
2627 1f1f 1002 10b5 0808 d418 191a 1b2b
2c1f 0c10 0310 6108 09d4 1819 1a1b 3031
0c1f 1005 1064 0908 d418 191a 1b35 360c
0c10 0410 7309 09d4 1819 1a1b 3a3b 0c1f
1006 104b 0908 d418 191a 1b3f 1d0c 0c10
0009 09d4 1819 1a1b 4327 1f0c 1001 0809
0823 0000 0000 0000 0000 2340 2800 0000
0000 0009 0008 001d 0026 0038 0040 0054
0066 006f 0081 008c 009f 00b4 00bd 00be
00d1 00da 00e9 00f5 00fa 0100 0105 010d
0112 011f 0128 012e 0134 013e 0146 0148
014b 014c 014d 0156 0158 015a 015b 015c
0165 0167 0169 016a 016b 0174 0176 0178
0179 017a 0183 0185 0187 0188 0189 0192
0194 0196 0197 0198 01a1 01a3 01a5 01a6
01a7 01b0 01b2 01b3 01b4 01bd 01bf 01c0
01c1 01c2 01cb 01d4 0000 0000 0000 0201
0000 0000 0000 004a 0000 0000 0000 0000
0000 0000 0000 01d5 0000 0005 0066 006f
006e 0074 0073 6d6f 4444 6475 7463 0000
d3c5 045f 0000 0000 0005 0066 006f 006e
0074 0073 6d6f 6444 6475 7463 0000 d3c5
045f 0000 0000 0005 0066 006f 006e 0074
0073 7068 3153 636f 6d70 0000 0000 0000
0000 0000 0005 0066 006f 006e 0074 0073
7653 726e 6c6f 6e67 0000 0001 0000 0005
0069 006d 0061 0067 0065 496c 6f63 626c
6f62 0000 0010 0000 00cc 0000 0028 ffff
ffff ffff 0000 0000 0005 0069 006d 0061
0067 0065 6277 7370 626c 6f62 0000 00fa
6270 6c69 7374 3030 d901 0203 0405 0607
0809 0a0b 0b0b 0a0b 1011 0a5d 5368 6f77
5374 6174 7573 4261 725b 5368 6f77 5369
6465 6261 725b 5368 6f77 5061 7468 6261
725b 5368 6f77 546f 6f6c 6261 725b 5368
6f77 5461 6256 6965 775f 1014 436f 6e74
6169 6e65 7253 686f 7753 6964 6562 6172
5c57 696e 646f 7742 6f75 6e64 735c 5369
6465 6261 7257 6964 7468 5f10 1550 7265
7669 6577 5061 6e65 5669 7369 6269 6c69
7479 0809 0909 0809 5f10 187b 7b33 3031
2c20 3135 337d 2c20 7b38 3931 2c20 3732
347d 7d11 0121 0808 1b29 3541 4d59 707d
8aa2 a3a4 a5a6 a7a8 c3c6 0000 0000 0000
0101 0000 0000 0000 0013 0000 0000 0000
0000 0000 0000 0000 00c7 0000 0000 0000
0000 0000 0000 0000 0000 0000 0000 0000
0000 0000 0000 0000 0000 0000 0000 0000
0000 0000 0000 0000 0000 0000 0000 0000
0000 0000 0000 0000 0000 0000 0000 0000
0000 0000 0000 0000 0000 0000 0000 0000
0000 0000 0000 0000 0000 0000 0000 0000
0000 0000 0000 0000 0000 0000 0000 0000
0000 0000 0000 0000 0000 0000 0000 0000
0000 0000 0000 0000 0000 0000 0000 0000
0000 0000 0000 0000 0000 0000 0000 0000
0000 0000 0000 0000 0000 0000 0000 0000
0000 0000 0000 0000 0000 0000 0000 0000
0000 0000 0000 0000 0000 0000 0000 0000
0000 0000 0000 0000 0000 0000 0000 0000
0000 0000 0000 0000 0000 0000 0000 0000
0000 0000 0000 0000 0000 0000 0000 0000
0000 0000 0000 0005 0000 0000 0000 300b
0000 0045 0000 100c 0000 0086 0000 200c
0000 0000 0000 0000 0000 0000 0000 0000
0000 0000 0000 0000 0000 0000 0000 0000
0000 0000 0000 0000 0000 0000 0000 0000
0000 0000 0000 0000 0000 0000 0000 0000
0000 0000 0000 0000 0000 0000 0000 0000
0000 0000 0000 0000 0000 0000 0000 0000
0000 0000 0000 0000 0000 0000 0000 0000
0000 0000 0000 0000 0000 0000 0000 0000
0000 0000 0000 0000 0000 0000 0000 0000
0000 0000 0000 0000 0000 0000 0000 0000
0000 0000 0000 0000 0000 0000 0000 0000
0000 0000 0000 0000 0000 0000 0000 0000
0000 0000 0000 0000 0000 0000 0000 0000
0000 0000 0000 0000 0000 0000 0000 0000
0000 0000 0000 0000 0000 0000 0000 0000
0000 0000 0000 0000 0000 0000 0000 0000
0000 0000 0000 0000 0000 0000 0000 0000
0000 0000 0000 0000 0000 0000 0000 0000
0000 0000 0000 0000 0000 0000 0000 0000
0000 0000 0000 0000 0000 0000 0000 0000
0000 0000 0000 0000 0000 0000 0000 0000
0000 0000 0000 0000 0000 0000 0000 0000
0000 0000 0000 0000 0000 0000 0000 0000
0000 0000 0000 0000 0000 0000 0000 0000
0000 0000 0000 0000 0000 0000 0000 0000
0000 0000 0000 0000 0000 0000 0000 0000
0000 0000 0000 0000 0000 0000 0000 0000
0000 0000 0000 0000 0000 0000 0000 0000
0000 0000 0000 0000 0000 0000 0000 0000
0000 0000 0000 0000 0000 0000 0000 0000
0000 0000 0000 0000 0000 0000 0000 0000
0000 0000 0000 0000 0000 0000 0000 0000
0000 0000 0000 0000 0000 0000 0000 0000
0000 0000 0000 0000 0000 0000 0000 0000
0000 0000 0000 0000 0000 0000 0000 0000
0000 0000 0000 0000 0000 0000 0000 0000
0000 0000 0000 0000 0000 0000 0000 0000
0000 0000 0000 0000 0000 0000 0000 0000
0000 0000 0000 0000 0000 0000 0000 0000
0000 0000 0000 0000 0000 0000 0000 0000
0000 0000 0000 0000 0000 0000 0000 0000
0000 0000 0000 0000 0000 0000 0000 0000
0000 0000 0000 0000 0000 0000 0000 0000
0000 0000 0000 0000 0000 0000 0000 0000
0000 0000 0000 0000 0000 0000 0000 0000
0000 0000 0000 0000 0000 0000 0000 0000
0000 0000 0000 0000 0000 0000 0000 0000
0000 0000 0000 0000 0000 0000 0000 0000
0000 0000 0000 0000 0000 0000 0000 0000
0000 0000 0000 0000 0000 0000 0000 0000
0000 0000 0000 0000 0000 0000 0000 0000
0000 0000 0000 0000 0000 0000 0000 0000
0000 0000 0000 0000 0000 0000 0000 0000
0000 0000 0000 0000 0000 0000 0000 0000
0000 0000 0000 0000 0000 0000 0000 0000
0000 0000 0000 0000 0000 0000 0000 0000
0000 0000 0000 0000 0000 0000 0000 0000
0000 0000 0000 0000 0000 0000 0000 0000
0000 0000 0000 0000 0000 0000 0000 0000
0000 0000 0000 0000 0000 0000 0000 0000
0000 0000 0000 0000 0000 0000 0000 0000
0000 0000 0000 0000 0000 0000 0000 0000
0000 0000 0000 0000 0000 0000 0000 0001
0444 5344 4200 0000 0100 0000 0000 0000
0000 0000 0000 0000 0000 0000 0000 0000
0200 0000 2000 0000 6000 0000 0100 0000
c000 0000 0000 0000 0100 0001 0000 0000
0100 0002 0000 0000 0100 0004 0000 0000
0200 0008 0000 0038 0000 0000 0000 0000
0000 0000 0100 0040 0000 0000 0100 0080
0000 0000 0100 0100 0000 0000 0100 0200
0000 0000 0100 0400 0000 0000 0100 0800
0000 0000 0100 1000 0000 0000 0100 2000
0000 0000 0100 4000 0000 0000 0100 8000
0000 0000 0101 0000 0000 0000 0102 0000
0000 0000 0104 0000 0000 0000 0108 0000
0000 0000 0110 0000 0000 0000 0120 0000
0000 0000 0140 0000 0000 0000 0069 7369
626c 6555 7769 6474 6859 6173 6365 6e64
696e 6755 696e 6465 7808 1101 2c09 1007
d416 1718 191a 201a 2208 10c8 0810 08d4
1617 1819 1a25 1a27 0810 b508 1002 d416
1718 190a 2a1a 2c09 1061 0810 03d4 1617
1819 1a2f 0a31 0810 6409 1005 d416 1718
190a 340a 3609 1073 0910 04d4 1617 1819
1a39 0a3b 0810 4b09 1006 d416 1718 190a
1b0a 3f09 0910 00d4 1617 1819 0a25 1a09
0908 0823 4028 0000 0000 0000 2340 3000
0000 0000 0009 0008 0019 002e 0040 0048
005c 0065 0070 0079 008c 008e 008f 00a2
00ab 00ba 00c6 00cb 00d1 00d6 00de 00e3
00f0 00f9 0101 0107 0111 0117 0118 011b
011c 011e 0127 0128 012a 012b 012d 0136
0137 0139 013a 013c 0145 0146 0148 0149
014b 0154 0155 0157 0158 015a 0163 0164
0166 0167 0169 0172 0173 0175 0176 0178
0181 0182 0183 0185 018e 018f 0190 0191
019a 01a3 0000 0000 0000 0201 0000 0000
0000 0047 0000 0000 0000 0000 0000 0000
0000 01a4 0000 0003 0063 0073 0073 6d6f
4444 6475 7463 0000 d368 c146 0000 0000
0003 0063 0073 0073 6d6f 6444 6475 7463
0000 d368 c146 0000 0000 0003 0063 0073
0073 7068 3153 636f 6d70 0000 0000 0000
0000 0000 0003 0063 0073 0073 7653 726e
6c6f 6e67 0000 0001 0000 0005 0066 006f
006e 0074 0073 6277 7370 626c 6f62 0000
00fa 6270 6c69 7374 3030 d901 0203 0405
0607 0809 0a0b 0b0b 0a0b 1011 0a5d 5368
6f77 5374 6174 7573 4261 725b 5368 6f77
5369 6465 6261 725b 5368 6f77 5061 7468
6261 725b 5368 6f77 546f 6f6c 6261 725b
5368 6f77 5461 6256 6965 775f 1014 436f
6e74 6169 6e65 7253 686f 7753 6964 6562
6172 5c57 696e 646f 7742 6f75 6e64 735c
5369 6465 6261 7257 6964 7468 5f10 1550
7265 7669 6577 5061 6e65 5669 7369 6269
6c69 7479 0809 0909 0809 5f10 187b 7b33
3031 2c20 3135 337d 2c20 7b38 3931 2c20
3732 347d 7d11 0121 0808 1b29 3541 4d59
707d 8aa2 a3a4 a5a6 a7a8 c3c6 0000 0000
0000 0101 0000 0000 0000 0013 0000 0000
0000 0000 0000 0000 0000 00c7 0000 0005
0066 006f 006e 0074 0073 6c67 3153 636f
6d70 0000 0000 0000 0000 0000 0005 0066
006f 006e 0074 0073 6c73 7650 626c 6f62
0000 02a1 
